% colourscheme

% to darker
colorsBlue = [239 243 255 ; 189 215 231 ; 107 174 214 ; 33  113 181]/255;
colorsGray = [246 246 246 ; 212 212 212 ; 150 150 150 ; 100 100 100]/255;
navyblue = [33  113 181]/255;
lightblue = [107 174 214 ]/255;
red = [222 45 38]/255;
green = [49 163 84] / 255;
orange = [230  85 13] / 255;
darkgray = [212 212 212]/ 255;
darkergray = [212 212 212]/ (255*2);
lightgray = [246 246 246]/ 255;
